(kicad_pcb (version 20171130) (host pcbnew "(5.1.12-1-10_14)")

  (general
    (thickness 1.6)
    (drawings 6)
    (tracks 55)
    (zones 0)
    (modules 15)
    (nets 13)
  )

  (page A4)
  (layers
    (0 F.Cu signal)
    (31 B.Cu signal)
    (32 B.Adhes user)
    (33 F.Adhes user)
    (34 B.Paste user)
    (35 F.Paste user)
    (36 B.SilkS user)
    (37 F.SilkS user)
    (38 B.Mask user)
    (39 F.Mask user)
    (40 Dwgs.User user)
    (41 Cmts.User user)
    (42 Eco1.User user)
    (43 Eco2.User user)
    (44 Edge.Cuts user)
    (45 Margin user)
    (46 B.CrtYd user)
    (47 F.CrtYd user)
    (48 B.Fab user)
    (49 F.Fab user)
  )

  (setup
    (last_trace_width 0.25)
    (user_trace_width 0.3)
    (user_trace_width 0.4)
    (user_trace_width 0.8)
    (user_trace_width 1)
    (trace_clearance 0.2)
    (zone_clearance 0.508)
    (zone_45_only no)
    (trace_min 0.2)
    (via_size 0.8)
    (via_drill 0.4)
    (via_min_size 0.4)
    (via_min_drill 0.3)
    (user_via 0.6 0.3)
    (user_via 0.8 0.4)
    (user_via 1.6 0.8)
    (uvia_size 0.3)
    (uvia_drill 0.1)
    (uvias_allowed no)
    (uvia_min_size 0.2)
    (uvia_min_drill 0.1)
    (edge_width 0.05)
    (segment_width 0.2)
    (pcb_text_width 0.3)
    (pcb_text_size 1.5 1.5)
    (mod_edge_width 0.12)
    (mod_text_size 1 1)
    (mod_text_width 0.15)
    (pad_size 1.524 1.524)
    (pad_drill 0.762)
    (pad_to_mask_clearance 0)
    (aux_axis_origin 0 0)
    (visible_elements FFFFFF7F)
    (pcbplotparams
      (layerselection 0x010fc_ffffffff)
      (usegerberextensions false)
      (usegerberattributes true)
      (usegerberadvancedattributes true)
      (creategerberjobfile true)
      (excludeedgelayer true)
      (linewidth 0.100000)
      (plotframeref false)
      (viasonmask false)
      (mode 1)
      (useauxorigin false)
      (hpglpennumber 1)
      (hpglpenspeed 20)
      (hpglpendiameter 15.000000)
      (psnegative false)
      (psa4output false)
      (plotreference true)
      (plotvalue true)
      (plotinvisibletext false)
      (padsonsilk false)
      (subtractmaskfromsilk false)
      (outputformat 1)
      (mirror false)
      (drillshape 1)
      (scaleselection 1)
      (outputdirectory ""))
  )

  (net 0 "")
  (net 1 GND)
  (net 2 /RELAY_UP+)
  (net 3 /RELAY_DN+)
  (net 4 +12V)
  (net 5 /EN_RELAY_UP)
  (net 6 /EN_RELAY_DN)
  (net 7 "Net-(Q1-Pad3)")
  (net 8 "Net-(Q1-Pad1)")
  (net 9 "Net-(Q2-Pad1)")
  (net 10 "Net-(Q3-Pad3)")
  (net 11 "Net-(Q3-Pad1)")
  (net 12 "Net-(Q4-Pad1)")

  (net_class Default "This is the default net class."
    (clearance 0.2)
    (trace_width 0.25)
    (via_dia 0.8)
    (via_drill 0.4)
    (uvia_dia 0.3)
    (uvia_drill 0.1)
    (add_net +12V)
    (add_net /EN_RELAY_DN)
    (add_net /EN_RELAY_UP)
    (add_net /RELAY_DN+)
    (add_net /RELAY_UP+)
    (add_net GND)
    (add_net "Net-(Q1-Pad1)")
    (add_net "Net-(Q1-Pad3)")
    (add_net "Net-(Q2-Pad1)")
    (add_net "Net-(Q3-Pad1)")
    (add_net "Net-(Q3-Pad3)")
    (add_net "Net-(Q4-Pad1)")
  )

  (module Diode_SMD:D_MiniMELF (layer F.Cu) (tedit 5905D8F5) (tstamp 619EF288)
    (at 169.672 131.572 180)
    (descr "Diode Mini-MELF (SOD-80)")
    (tags "Diode Mini-MELF (SOD-80)")
    (path /61A495D1)
    (attr smd)
    (fp_text reference D1 (at 0 -2) (layer F.SilkS)
      (effects (font (size 1 1) (thickness 0.15)))
    )
    (fp_text value LL4148 (at 0 1.75) (layer F.Fab)
      (effects (font (size 1 1) (thickness 0.15)))
    )
    (fp_line (start -2.65 1.1) (end -2.65 -1.1) (layer F.CrtYd) (width 0.05))
    (fp_line (start 2.65 1.1) (end -2.65 1.1) (layer F.CrtYd) (width 0.05))
    (fp_line (start 2.65 -1.1) (end 2.65 1.1) (layer F.CrtYd) (width 0.05))
    (fp_line (start -2.65 -1.1) (end 2.65 -1.1) (layer F.CrtYd) (width 0.05))
    (fp_line (start -0.75 0) (end -0.35 0) (layer F.Fab) (width 0.1))
    (fp_line (start -0.35 0) (end -0.35 -0.55) (layer F.Fab) (width 0.1))
    (fp_line (start -0.35 0) (end -0.35 0.55) (layer F.Fab) (width 0.1))
    (fp_line (start -0.35 0) (end 0.25 -0.4) (layer F.Fab) (width 0.1))
    (fp_line (start 0.25 -0.4) (end 0.25 0.4) (layer F.Fab) (width 0.1))
    (fp_line (start 0.25 0.4) (end -0.35 0) (layer F.Fab) (width 0.1))
    (fp_line (start 0.25 0) (end 0.75 0) (layer F.Fab) (width 0.1))
    (fp_line (start -1.65 -0.8) (end 1.65 -0.8) (layer F.Fab) (width 0.1))
    (fp_line (start -1.65 0.8) (end -1.65 -0.8) (layer F.Fab) (width 0.1))
    (fp_line (start 1.65 0.8) (end -1.65 0.8) (layer F.Fab) (width 0.1))
    (fp_line (start 1.65 -0.8) (end 1.65 0.8) (layer F.Fab) (width 0.1))
    (fp_line (start -2.55 1) (end 1.75 1) (layer F.SilkS) (width 0.12))
    (fp_line (start -2.55 -1) (end -2.55 1) (layer F.SilkS) (width 0.12))
    (fp_line (start 1.75 -1) (end -2.55 -1) (layer F.SilkS) (width 0.12))
    (fp_text user %R (at 0 -2) (layer F.Fab)
      (effects (font (size 1 1) (thickness 0.15)))
    )
    (pad 2 smd rect (at 1.75 0 180) (size 1.3 1.7) (layers F.Cu F.Paste F.Mask)
      (net 1 GND))
    (pad 1 smd rect (at -1.75 0 180) (size 1.3 1.7) (layers F.Cu F.Paste F.Mask)
      (net 2 /RELAY_UP+))
    (model ${KISYS3DMOD}/Diode_SMD.3dshapes/D_MiniMELF.wrl
      (at (xyz 0 0 0))
      (scale (xyz 1 1 1))
      (rotate (xyz 0 0 0))
    )
  )

  (module Diode_SMD:D_MiniMELF (layer F.Cu) (tedit 5905D8F5) (tstamp 619EF2D0)
    (at 164.592 131.572)
    (descr "Diode Mini-MELF (SOD-80)")
    (tags "Diode Mini-MELF (SOD-80)")
    (path /61A487F5)
    (attr smd)
    (fp_text reference D2 (at 0 -2) (layer F.SilkS)
      (effects (font (size 1 1) (thickness 0.15)))
    )
    (fp_text value LL4148 (at 0 1.75) (layer F.Fab)
      (effects (font (size 1 1) (thickness 0.15)))
    )
    (fp_line (start 1.75 -1) (end -2.55 -1) (layer F.SilkS) (width 0.12))
    (fp_line (start -2.55 -1) (end -2.55 1) (layer F.SilkS) (width 0.12))
    (fp_line (start -2.55 1) (end 1.75 1) (layer F.SilkS) (width 0.12))
    (fp_line (start 1.65 -0.8) (end 1.65 0.8) (layer F.Fab) (width 0.1))
    (fp_line (start 1.65 0.8) (end -1.65 0.8) (layer F.Fab) (width 0.1))
    (fp_line (start -1.65 0.8) (end -1.65 -0.8) (layer F.Fab) (width 0.1))
    (fp_line (start -1.65 -0.8) (end 1.65 -0.8) (layer F.Fab) (width 0.1))
    (fp_line (start 0.25 0) (end 0.75 0) (layer F.Fab) (width 0.1))
    (fp_line (start 0.25 0.4) (end -0.35 0) (layer F.Fab) (width 0.1))
    (fp_line (start 0.25 -0.4) (end 0.25 0.4) (layer F.Fab) (width 0.1))
    (fp_line (start -0.35 0) (end 0.25 -0.4) (layer F.Fab) (width 0.1))
    (fp_line (start -0.35 0) (end -0.35 0.55) (layer F.Fab) (width 0.1))
    (fp_line (start -0.35 0) (end -0.35 -0.55) (layer F.Fab) (width 0.1))
    (fp_line (start -0.75 0) (end -0.35 0) (layer F.Fab) (width 0.1))
    (fp_line (start -2.65 -1.1) (end 2.65 -1.1) (layer F.CrtYd) (width 0.05))
    (fp_line (start 2.65 -1.1) (end 2.65 1.1) (layer F.CrtYd) (width 0.05))
    (fp_line (start 2.65 1.1) (end -2.65 1.1) (layer F.CrtYd) (width 0.05))
    (fp_line (start -2.65 1.1) (end -2.65 -1.1) (layer F.CrtYd) (width 0.05))
    (fp_text user %R (at 0 -2) (layer F.Fab)
      (effects (font (size 1 1) (thickness 0.15)))
    )
    (pad 1 smd rect (at -1.75 0) (size 1.3 1.7) (layers F.Cu F.Paste F.Mask)
      (net 3 /RELAY_DN+))
    (pad 2 smd rect (at 1.75 0) (size 1.3 1.7) (layers F.Cu F.Paste F.Mask)
      (net 1 GND))
    (model ${KISYS3DMOD}/Diode_SMD.3dshapes/D_MiniMELF.wrl
      (at (xyz 0 0 0))
      (scale (xyz 1 1 1))
      (rotate (xyz 0 0 0))
    )
  )

  (module TerminalBlock_Phoenix:TerminalBlock_Phoenix_PT-1,5-2-3.5-H_1x02_P3.50mm_Horizontal (layer F.Cu) (tedit 5B294F3F) (tstamp 619EEBAF)
    (at 177.546 139.446)
    (descr "Terminal Block Phoenix PT-1,5-2-3.5-H, 2 pins, pitch 3.5mm, size 7x7.6mm^2, drill diamater 1.2mm, pad diameter 2.4mm, see , script-generated using https://github.com/pointhi/kicad-footprint-generator/scripts/TerminalBlock_Phoenix")
    (tags "THT Terminal Block Phoenix PT-1,5-2-3.5-H pitch 3.5mm size 7x7.6mm^2 drill 1.2mm pad 2.4mm")
    (path /619F1DA6)
    (fp_text reference J1 (at -2.794 3.683) (layer F.SilkS)
      (effects (font (size 1 1) (thickness 0.15)))
    )
    (fp_text value Conn_01x02 (at 1.75 5.56) (layer F.Fab)
      (effects (font (size 1 1) (thickness 0.15)))
    )
    (fp_circle (center 0 0) (end 1.5 0) (layer F.Fab) (width 0.1))
    (fp_circle (center 3.5 0) (end 5 0) (layer F.Fab) (width 0.1))
    (fp_circle (center 3.5 0) (end 5.18 0) (layer F.SilkS) (width 0.12))
    (fp_line (start -1.75 -3.1) (end 5.25 -3.1) (layer F.Fab) (width 0.1))
    (fp_line (start 5.25 -3.1) (end 5.25 4.5) (layer F.Fab) (width 0.1))
    (fp_line (start 5.25 4.5) (end -1.35 4.5) (layer F.Fab) (width 0.1))
    (fp_line (start -1.35 4.5) (end -1.75 4.1) (layer F.Fab) (width 0.1))
    (fp_line (start -1.75 4.1) (end -1.75 -3.1) (layer F.Fab) (width 0.1))
    (fp_line (start -1.75 4.1) (end 5.25 4.1) (layer F.Fab) (width 0.1))
    (fp_line (start -1.81 4.1) (end 5.31 4.1) (layer F.SilkS) (width 0.12))
    (fp_line (start -1.75 3) (end 5.25 3) (layer F.Fab) (width 0.1))
    (fp_line (start -1.81 3) (end 5.31 3) (layer F.SilkS) (width 0.12))
    (fp_line (start -1.81 -3.16) (end 5.31 -3.16) (layer F.SilkS) (width 0.12))
    (fp_line (start -1.81 4.56) (end 5.31 4.56) (layer F.SilkS) (width 0.12))
    (fp_line (start -1.81 -3.16) (end -1.81 4.56) (layer F.SilkS) (width 0.12))
    (fp_line (start 5.31 -3.16) (end 5.31 4.56) (layer F.SilkS) (width 0.12))
    (fp_line (start 1.138 -0.955) (end -0.955 1.138) (layer F.Fab) (width 0.1))
    (fp_line (start 0.955 -1.138) (end -1.138 0.955) (layer F.Fab) (width 0.1))
    (fp_line (start 4.638 -0.955) (end 2.546 1.138) (layer F.Fab) (width 0.1))
    (fp_line (start 4.455 -1.138) (end 2.363 0.955) (layer F.Fab) (width 0.1))
    (fp_line (start 4.775 -1.069) (end 4.646 -0.941) (layer F.SilkS) (width 0.12))
    (fp_line (start 2.525 1.181) (end 2.431 1.274) (layer F.SilkS) (width 0.12))
    (fp_line (start 4.57 -1.275) (end 4.476 -1.181) (layer F.SilkS) (width 0.12))
    (fp_line (start 2.355 0.941) (end 2.226 1.069) (layer F.SilkS) (width 0.12))
    (fp_line (start -2.05 4.16) (end -2.05 4.8) (layer F.SilkS) (width 0.12))
    (fp_line (start -2.05 4.8) (end -1.65 4.8) (layer F.SilkS) (width 0.12))
    (fp_line (start -2.25 -3.6) (end -2.25 5) (layer F.CrtYd) (width 0.05))
    (fp_line (start -2.25 5) (end 5.75 5) (layer F.CrtYd) (width 0.05))
    (fp_line (start 5.75 5) (end 5.75 -3.6) (layer F.CrtYd) (width 0.05))
    (fp_line (start 5.75 -3.6) (end -2.25 -3.6) (layer F.CrtYd) (width 0.05))
    (fp_arc (start 0 0) (end 0 1.68) (angle -32) (layer F.SilkS) (width 0.12))
    (fp_arc (start 0 0) (end 1.425 0.891) (angle -64) (layer F.SilkS) (width 0.12))
    (fp_arc (start 0 0) (end 0.866 -1.44) (angle -63) (layer F.SilkS) (width 0.12))
    (fp_arc (start 0 0) (end -1.44 -0.866) (angle -63) (layer F.SilkS) (width 0.12))
    (fp_arc (start 0 0) (end -0.866 1.44) (angle -32) (layer F.SilkS) (width 0.12))
    (fp_text user %R (at 1.75 2.4) (layer F.Fab)
      (effects (font (size 1 1) (thickness 0.15)))
    )
    (pad 1 thru_hole rect (at 0 0) (size 2.4 2.4) (drill 1.2) (layers *.Cu *.Mask)
      (net 4 +12V))
    (pad 2 thru_hole circle (at 3.5 0) (size 2.4 2.4) (drill 1.2) (layers *.Cu *.Mask)
      (net 1 GND))
    (model ${KISYS3DMOD}/TerminalBlock_Phoenix.3dshapes/TerminalBlock_Phoenix_PT-1,5-2-3.5-H_1x02_P3.50mm_Horizontal.wrl
      (at (xyz 0 0 0))
      (scale (xyz 1 1 1))
      (rotate (xyz 0 0 0))
    )
  )

  (module TerminalBlock_Phoenix:TerminalBlock_Phoenix_PT-1,5-3-3.5-H_1x03_P3.50mm_Horizontal (layer F.Cu) (tedit 5B294F3F) (tstamp 619EEBE2)
    (at 163.632 139.446)
    (descr "Terminal Block Phoenix PT-1,5-3-3.5-H, 3 pins, pitch 3.5mm, size 10.5x7.6mm^2, drill diamater 1.2mm, pad diameter 2.4mm, see , script-generated using https://github.com/pointhi/kicad-footprint-generator/scripts/TerminalBlock_Phoenix")
    (tags "THT Terminal Block Phoenix PT-1,5-3-3.5-H pitch 3.5mm size 10.5x7.6mm^2 drill 1.2mm pad 2.4mm")
    (path /61A2146D)
    (fp_text reference J2 (at 3.627 -2.413) (layer F.SilkS)
      (effects (font (size 1 1) (thickness 0.15)))
    )
    (fp_text value Conn_01x03 (at 3.5 5.56) (layer F.Fab)
      (effects (font (size 1 1) (thickness 0.15)))
    )
    (fp_circle (center 0 0) (end 1.5 0) (layer F.Fab) (width 0.1))
    (fp_circle (center 3.5 0) (end 5 0) (layer F.Fab) (width 0.1))
    (fp_circle (center 3.5 0) (end 5.18 0) (layer F.SilkS) (width 0.12))
    (fp_circle (center 7 0) (end 8.5 0) (layer F.Fab) (width 0.1))
    (fp_circle (center 7 0) (end 8.68 0) (layer F.SilkS) (width 0.12))
    (fp_line (start -1.75 -3.1) (end 8.75 -3.1) (layer F.Fab) (width 0.1))
    (fp_line (start 8.75 -3.1) (end 8.75 4.5) (layer F.Fab) (width 0.1))
    (fp_line (start 8.75 4.5) (end -1.35 4.5) (layer F.Fab) (width 0.1))
    (fp_line (start -1.35 4.5) (end -1.75 4.1) (layer F.Fab) (width 0.1))
    (fp_line (start -1.75 4.1) (end -1.75 -3.1) (layer F.Fab) (width 0.1))
    (fp_line (start -1.75 4.1) (end 8.75 4.1) (layer F.Fab) (width 0.1))
    (fp_line (start -1.81 4.1) (end 8.81 4.1) (layer F.SilkS) (width 0.12))
    (fp_line (start -1.75 3) (end 8.75 3) (layer F.Fab) (width 0.1))
    (fp_line (start -1.81 3) (end 8.81 3) (layer F.SilkS) (width 0.12))
    (fp_line (start -1.81 -3.16) (end 8.81 -3.16) (layer F.SilkS) (width 0.12))
    (fp_line (start -1.81 4.56) (end 8.81 4.56) (layer F.SilkS) (width 0.12))
    (fp_line (start -1.81 -3.16) (end -1.81 4.56) (layer F.SilkS) (width 0.12))
    (fp_line (start 8.81 -3.16) (end 8.81 4.56) (layer F.SilkS) (width 0.12))
    (fp_line (start 1.138 -0.955) (end -0.955 1.138) (layer F.Fab) (width 0.1))
    (fp_line (start 0.955 -1.138) (end -1.138 0.955) (layer F.Fab) (width 0.1))
    (fp_line (start 4.638 -0.955) (end 2.546 1.138) (layer F.Fab) (width 0.1))
    (fp_line (start 4.455 -1.138) (end 2.363 0.955) (layer F.Fab) (width 0.1))
    (fp_line (start 4.775 -1.069) (end 4.646 -0.941) (layer F.SilkS) (width 0.12))
    (fp_line (start 2.525 1.181) (end 2.431 1.274) (layer F.SilkS) (width 0.12))
    (fp_line (start 4.57 -1.275) (end 4.476 -1.181) (layer F.SilkS) (width 0.12))
    (fp_line (start 2.355 0.941) (end 2.226 1.069) (layer F.SilkS) (width 0.12))
    (fp_line (start 8.138 -0.955) (end 6.046 1.138) (layer F.Fab) (width 0.1))
    (fp_line (start 7.955 -1.138) (end 5.863 0.955) (layer F.Fab) (width 0.1))
    (fp_line (start 8.275 -1.069) (end 8.146 -0.941) (layer F.SilkS) (width 0.12))
    (fp_line (start 6.025 1.181) (end 5.931 1.274) (layer F.SilkS) (width 0.12))
    (fp_line (start 8.07 -1.275) (end 7.976 -1.181) (layer F.SilkS) (width 0.12))
    (fp_line (start 5.855 0.941) (end 5.726 1.069) (layer F.SilkS) (width 0.12))
    (fp_line (start -2.05 4.16) (end -2.05 4.8) (layer F.SilkS) (width 0.12))
    (fp_line (start -2.05 4.8) (end -1.65 4.8) (layer F.SilkS) (width 0.12))
    (fp_line (start -2.25 -3.6) (end -2.25 5) (layer F.CrtYd) (width 0.05))
    (fp_line (start -2.25 5) (end 9.25 5) (layer F.CrtYd) (width 0.05))
    (fp_line (start 9.25 5) (end 9.25 -3.6) (layer F.CrtYd) (width 0.05))
    (fp_line (start 9.25 -3.6) (end -2.25 -3.6) (layer F.CrtYd) (width 0.05))
    (fp_arc (start 0 0) (end 0 1.68) (angle -32) (layer F.SilkS) (width 0.12))
    (fp_arc (start 0 0) (end 1.425 0.891) (angle -64) (layer F.SilkS) (width 0.12))
    (fp_arc (start 0 0) (end 0.866 -1.44) (angle -63) (layer F.SilkS) (width 0.12))
    (fp_arc (start 0 0) (end -1.44 -0.866) (angle -63) (layer F.SilkS) (width 0.12))
    (fp_arc (start 0 0) (end -0.866 1.44) (angle -32) (layer F.SilkS) (width 0.12))
    (fp_text user %R (at 3.5 2.4) (layer F.Fab)
      (effects (font (size 1 1) (thickness 0.15)))
    )
    (pad 1 thru_hole rect (at 0 0) (size 2.4 2.4) (drill 1.2) (layers *.Cu *.Mask)
      (net 3 /RELAY_DN+))
    (pad 2 thru_hole circle (at 3.5 0) (size 2.4 2.4) (drill 1.2) (layers *.Cu *.Mask)
      (net 1 GND))
    (pad 3 thru_hole circle (at 7 0) (size 2.4 2.4) (drill 1.2) (layers *.Cu *.Mask)
      (net 2 /RELAY_UP+))
    (model ${KISYS3DMOD}/TerminalBlock_Phoenix.3dshapes/TerminalBlock_Phoenix_PT-1,5-3-3.5-H_1x03_P3.50mm_Horizontal.wrl
      (at (xyz 0 0 0))
      (scale (xyz 1 1 1))
      (rotate (xyz 0 0 0))
    )
  )

  (module Connector_PinHeader_2.54mm:PinHeader_1x02_P2.54mm_Vertical (layer F.Cu) (tedit 59FED5CC) (tstamp 619EEBF8)
    (at 170.434 104.902 270)
    (descr "Through hole straight pin header, 1x02, 2.54mm pitch, single row")
    (tags "Through hole pin header THT 1x02 2.54mm single row")
    (path /61ACE482)
    (fp_text reference J3 (at 0 -2.33 90) (layer F.SilkS)
      (effects (font (size 1 1) (thickness 0.15)))
    )
    (fp_text value Conn_01x02 (at 0 4.87 90) (layer F.Fab)
      (effects (font (size 1 1) (thickness 0.15)))
    )
    (fp_line (start -0.635 -1.27) (end 1.27 -1.27) (layer F.Fab) (width 0.1))
    (fp_line (start 1.27 -1.27) (end 1.27 3.81) (layer F.Fab) (width 0.1))
    (fp_line (start 1.27 3.81) (end -1.27 3.81) (layer F.Fab) (width 0.1))
    (fp_line (start -1.27 3.81) (end -1.27 -0.635) (layer F.Fab) (width 0.1))
    (fp_line (start -1.27 -0.635) (end -0.635 -1.27) (layer F.Fab) (width 0.1))
    (fp_line (start -1.33 3.87) (end 1.33 3.87) (layer F.SilkS) (width 0.12))
    (fp_line (start -1.33 1.27) (end -1.33 3.87) (layer F.SilkS) (width 0.12))
    (fp_line (start 1.33 1.27) (end 1.33 3.87) (layer F.SilkS) (width 0.12))
    (fp_line (start -1.33 1.27) (end 1.33 1.27) (layer F.SilkS) (width 0.12))
    (fp_line (start -1.33 0) (end -1.33 -1.33) (layer F.SilkS) (width 0.12))
    (fp_line (start -1.33 -1.33) (end 0 -1.33) (layer F.SilkS) (width 0.12))
    (fp_line (start -1.8 -1.8) (end -1.8 4.35) (layer F.CrtYd) (width 0.05))
    (fp_line (start -1.8 4.35) (end 1.8 4.35) (layer F.CrtYd) (width 0.05))
    (fp_line (start 1.8 4.35) (end 1.8 -1.8) (layer F.CrtYd) (width 0.05))
    (fp_line (start 1.8 -1.8) (end -1.8 -1.8) (layer F.CrtYd) (width 0.05))
    (fp_text user %R (at 0 1.27) (layer F.Fab)
      (effects (font (size 1 1) (thickness 0.15)))
    )
    (pad 1 thru_hole rect (at 0 0 270) (size 1.7 1.7) (drill 1) (layers *.Cu *.Mask)
      (net 5 /EN_RELAY_UP))
    (pad 2 thru_hole oval (at 0 2.54 270) (size 1.7 1.7) (drill 1) (layers *.Cu *.Mask)
      (net 6 /EN_RELAY_DN))
    (model ${KISYS3DMOD}/Connector_PinHeader_2.54mm.3dshapes/PinHeader_1x02_P2.54mm_Vertical.wrl
      (at (xyz 0 0 0))
      (scale (xyz 1 1 1))
      (rotate (xyz 0 0 0))
    )
  )

  (module Package_TO_SOT_SMD:SOT-23 (layer F.Cu) (tedit 5A02FF57) (tstamp 619EEC0D)
    (at 172.466 113.03 270)
    (descr "SOT-23, Standard")
    (tags SOT-23)
    (path /61A42F41)
    (attr smd)
    (fp_text reference Q1 (at 0 -2.5 90) (layer F.SilkS)
      (effects (font (size 1 1) (thickness 0.15)))
    )
    (fp_text value MMBT3904L (at 0 2.5 90) (layer F.Fab)
      (effects (font (size 1 1) (thickness 0.15)))
    )
    (fp_line (start 0.76 1.58) (end -0.7 1.58) (layer F.SilkS) (width 0.12))
    (fp_line (start 0.76 -1.58) (end -1.4 -1.58) (layer F.SilkS) (width 0.12))
    (fp_line (start -1.7 1.75) (end -1.7 -1.75) (layer F.CrtYd) (width 0.05))
    (fp_line (start 1.7 1.75) (end -1.7 1.75) (layer F.CrtYd) (width 0.05))
    (fp_line (start 1.7 -1.75) (end 1.7 1.75) (layer F.CrtYd) (width 0.05))
    (fp_line (start -1.7 -1.75) (end 1.7 -1.75) (layer F.CrtYd) (width 0.05))
    (fp_line (start 0.76 -1.58) (end 0.76 -0.65) (layer F.SilkS) (width 0.12))
    (fp_line (start 0.76 1.58) (end 0.76 0.65) (layer F.SilkS) (width 0.12))
    (fp_line (start -0.7 1.52) (end 0.7 1.52) (layer F.Fab) (width 0.1))
    (fp_line (start 0.7 -1.52) (end 0.7 1.52) (layer F.Fab) (width 0.1))
    (fp_line (start -0.7 -0.95) (end -0.15 -1.52) (layer F.Fab) (width 0.1))
    (fp_line (start -0.15 -1.52) (end 0.7 -1.52) (layer F.Fab) (width 0.1))
    (fp_line (start -0.7 -0.95) (end -0.7 1.5) (layer F.Fab) (width 0.1))
    (fp_text user %R (at 0 0) (layer F.Fab)
      (effects (font (size 0.5 0.5) (thickness 0.075)))
    )
    (pad 3 smd rect (at 1 0 270) (size 0.9 0.8) (layers F.Cu F.Paste F.Mask)
      (net 7 "Net-(Q1-Pad3)"))
    (pad 2 smd rect (at -1 0.95 270) (size 0.9 0.8) (layers F.Cu F.Paste F.Mask)
      (net 1 GND))
    (pad 1 smd rect (at -1 -0.95 270) (size 0.9 0.8) (layers F.Cu F.Paste F.Mask)
      (net 8 "Net-(Q1-Pad1)"))
    (model ${KISYS3DMOD}/Package_TO_SOT_SMD.3dshapes/SOT-23.wrl
      (at (xyz 0 0 0))
      (scale (xyz 1 1 1))
      (rotate (xyz 0 0 0))
    )
  )

  (module Package_TO_SOT_SMD:SOT-23 (layer F.Cu) (tedit 5A02FF57) (tstamp 619EEC22)
    (at 171.45 126.746 270)
    (descr "SOT-23, Standard")
    (tags SOT-23)
    (path /61A1DAED)
    (attr smd)
    (fp_text reference Q2 (at 0 -2.5 90) (layer F.SilkS)
      (effects (font (size 1 1) (thickness 0.15)))
    )
    (fp_text value DMP3099L (at 0 2.5 90) (layer F.Fab)
      (effects (font (size 1 1) (thickness 0.15)))
    )
    (fp_line (start -0.7 -0.95) (end -0.7 1.5) (layer F.Fab) (width 0.1))
    (fp_line (start -0.15 -1.52) (end 0.7 -1.52) (layer F.Fab) (width 0.1))
    (fp_line (start -0.7 -0.95) (end -0.15 -1.52) (layer F.Fab) (width 0.1))
    (fp_line (start 0.7 -1.52) (end 0.7 1.52) (layer F.Fab) (width 0.1))
    (fp_line (start -0.7 1.52) (end 0.7 1.52) (layer F.Fab) (width 0.1))
    (fp_line (start 0.76 1.58) (end 0.76 0.65) (layer F.SilkS) (width 0.12))
    (fp_line (start 0.76 -1.58) (end 0.76 -0.65) (layer F.SilkS) (width 0.12))
    (fp_line (start -1.7 -1.75) (end 1.7 -1.75) (layer F.CrtYd) (width 0.05))
    (fp_line (start 1.7 -1.75) (end 1.7 1.75) (layer F.CrtYd) (width 0.05))
    (fp_line (start 1.7 1.75) (end -1.7 1.75) (layer F.CrtYd) (width 0.05))
    (fp_line (start -1.7 1.75) (end -1.7 -1.75) (layer F.CrtYd) (width 0.05))
    (fp_line (start 0.76 -1.58) (end -1.4 -1.58) (layer F.SilkS) (width 0.12))
    (fp_line (start 0.76 1.58) (end -0.7 1.58) (layer F.SilkS) (width 0.12))
    (fp_text user %R (at 0 0) (layer F.Fab)
      (effects (font (size 0.5 0.5) (thickness 0.075)))
    )
    (pad 1 smd rect (at -1 -0.95 270) (size 0.9 0.8) (layers F.Cu F.Paste F.Mask)
      (net 9 "Net-(Q2-Pad1)"))
    (pad 2 smd rect (at -1 0.95 270) (size 0.9 0.8) (layers F.Cu F.Paste F.Mask)
      (net 4 +12V))
    (pad 3 smd rect (at 1 0 270) (size 0.9 0.8) (layers F.Cu F.Paste F.Mask)
      (net 2 /RELAY_UP+))
    (model ${KISYS3DMOD}/Package_TO_SOT_SMD.3dshapes/SOT-23.wrl
      (at (xyz 0 0 0))
      (scale (xyz 1 1 1))
      (rotate (xyz 0 0 0))
    )
  )

  (module Package_TO_SOT_SMD:SOT-23 (layer F.Cu) (tedit 5A02FF57) (tstamp 619EF58E)
    (at 163.83 113.03 270)
    (descr "SOT-23, Standard")
    (tags SOT-23)
    (path /61A893DA)
    (attr smd)
    (fp_text reference Q3 (at 0 -2.5 90) (layer F.SilkS)
      (effects (font (size 1 1) (thickness 0.15)))
    )
    (fp_text value MMBT3904L (at 0 2.5 90) (layer F.Fab)
      (effects (font (size 1 1) (thickness 0.15)))
    )
    (fp_line (start 0.76 1.58) (end -0.7 1.58) (layer F.SilkS) (width 0.12))
    (fp_line (start 0.76 -1.58) (end -1.4 -1.58) (layer F.SilkS) (width 0.12))
    (fp_line (start -1.7 1.75) (end -1.7 -1.75) (layer F.CrtYd) (width 0.05))
    (fp_line (start 1.7 1.75) (end -1.7 1.75) (layer F.CrtYd) (width 0.05))
    (fp_line (start 1.7 -1.75) (end 1.7 1.75) (layer F.CrtYd) (width 0.05))
    (fp_line (start -1.7 -1.75) (end 1.7 -1.75) (layer F.CrtYd) (width 0.05))
    (fp_line (start 0.76 -1.58) (end 0.76 -0.65) (layer F.SilkS) (width 0.12))
    (fp_line (start 0.76 1.58) (end 0.76 0.65) (layer F.SilkS) (width 0.12))
    (fp_line (start -0.7 1.52) (end 0.7 1.52) (layer F.Fab) (width 0.1))
    (fp_line (start 0.7 -1.52) (end 0.7 1.52) (layer F.Fab) (width 0.1))
    (fp_line (start -0.7 -0.95) (end -0.15 -1.52) (layer F.Fab) (width 0.1))
    (fp_line (start -0.15 -1.52) (end 0.7 -1.52) (layer F.Fab) (width 0.1))
    (fp_line (start -0.7 -0.95) (end -0.7 1.5) (layer F.Fab) (width 0.1))
    (fp_text user %R (at 0 0) (layer F.Fab)
      (effects (font (size 0.5 0.5) (thickness 0.075)))
    )
    (pad 3 smd rect (at 1 0 270) (size 0.9 0.8) (layers F.Cu F.Paste F.Mask)
      (net 10 "Net-(Q3-Pad3)"))
    (pad 2 smd rect (at -1 0.95 270) (size 0.9 0.8) (layers F.Cu F.Paste F.Mask)
      (net 1 GND))
    (pad 1 smd rect (at -1 -0.95 270) (size 0.9 0.8) (layers F.Cu F.Paste F.Mask)
      (net 11 "Net-(Q3-Pad1)"))
    (model ${KISYS3DMOD}/Package_TO_SOT_SMD.3dshapes/SOT-23.wrl
      (at (xyz 0 0 0))
      (scale (xyz 1 1 1))
      (rotate (xyz 0 0 0))
    )
  )

  (module Package_TO_SOT_SMD:SOT-23 (layer F.Cu) (tedit 5A02FF57) (tstamp 619EEC4C)
    (at 162.814 126.746 270)
    (descr "SOT-23, Standard")
    (tags SOT-23)
    (path /61A893BB)
    (attr smd)
    (fp_text reference Q4 (at 0 -2.5 90) (layer F.SilkS)
      (effects (font (size 1 1) (thickness 0.15)))
    )
    (fp_text value DMP3099L (at 0 2.5 90) (layer F.Fab)
      (effects (font (size 1 1) (thickness 0.15)))
    )
    (fp_line (start -0.7 -0.95) (end -0.7 1.5) (layer F.Fab) (width 0.1))
    (fp_line (start -0.15 -1.52) (end 0.7 -1.52) (layer F.Fab) (width 0.1))
    (fp_line (start -0.7 -0.95) (end -0.15 -1.52) (layer F.Fab) (width 0.1))
    (fp_line (start 0.7 -1.52) (end 0.7 1.52) (layer F.Fab) (width 0.1))
    (fp_line (start -0.7 1.52) (end 0.7 1.52) (layer F.Fab) (width 0.1))
    (fp_line (start 0.76 1.58) (end 0.76 0.65) (layer F.SilkS) (width 0.12))
    (fp_line (start 0.76 -1.58) (end 0.76 -0.65) (layer F.SilkS) (width 0.12))
    (fp_line (start -1.7 -1.75) (end 1.7 -1.75) (layer F.CrtYd) (width 0.05))
    (fp_line (start 1.7 -1.75) (end 1.7 1.75) (layer F.CrtYd) (width 0.05))
    (fp_line (start 1.7 1.75) (end -1.7 1.75) (layer F.CrtYd) (width 0.05))
    (fp_line (start -1.7 1.75) (end -1.7 -1.75) (layer F.CrtYd) (width 0.05))
    (fp_line (start 0.76 -1.58) (end -1.4 -1.58) (layer F.SilkS) (width 0.12))
    (fp_line (start 0.76 1.58) (end -0.7 1.58) (layer F.SilkS) (width 0.12))
    (fp_text user %R (at 0 0) (layer F.Fab)
      (effects (font (size 0.5 0.5) (thickness 0.075)))
    )
    (pad 1 smd rect (at -1 -0.95 270) (size 0.9 0.8) (layers F.Cu F.Paste F.Mask)
      (net 12 "Net-(Q4-Pad1)"))
    (pad 2 smd rect (at -1 0.95 270) (size 0.9 0.8) (layers F.Cu F.Paste F.Mask)
      (net 4 +12V))
    (pad 3 smd rect (at 1 0 270) (size 0.9 0.8) (layers F.Cu F.Paste F.Mask)
      (net 3 /RELAY_DN+))
    (model ${KISYS3DMOD}/Package_TO_SOT_SMD.3dshapes/SOT-23.wrl
      (at (xyz 0 0 0))
      (scale (xyz 1 1 1))
      (rotate (xyz 0 0 0))
    )
  )

  (module Resistor_SMD:R_0603_1608Metric (layer F.Cu) (tedit 5F68FEEE) (tstamp 619F01A6)
    (at 173.482 109.665 90)
    (descr "Resistor SMD 0603 (1608 Metric), square (rectangular) end terminal, IPC_7351 nominal, (Body size source: IPC-SM-782 page 72, https://www.pcb-3d.com/wordpress/wp-content/uploads/ipc-sm-782a_amendment_1_and_2.pdf), generated with kicad-footprint-generator")
    (tags resistor)
    (path /61A44697)
    (attr smd)
    (fp_text reference R1 (at 0 -1.43 90) (layer F.SilkS)
      (effects (font (size 1 1) (thickness 0.15)))
    )
    (fp_text value 10k (at 0 1.43 90) (layer F.Fab)
      (effects (font (size 1 1) (thickness 0.15)))
    )
    (fp_line (start -0.8 0.4125) (end -0.8 -0.4125) (layer F.Fab) (width 0.1))
    (fp_line (start -0.8 -0.4125) (end 0.8 -0.4125) (layer F.Fab) (width 0.1))
    (fp_line (start 0.8 -0.4125) (end 0.8 0.4125) (layer F.Fab) (width 0.1))
    (fp_line (start 0.8 0.4125) (end -0.8 0.4125) (layer F.Fab) (width 0.1))
    (fp_line (start -0.237258 -0.5225) (end 0.237258 -0.5225) (layer F.SilkS) (width 0.12))
    (fp_line (start -0.237258 0.5225) (end 0.237258 0.5225) (layer F.SilkS) (width 0.12))
    (fp_line (start -1.48 0.73) (end -1.48 -0.73) (layer F.CrtYd) (width 0.05))
    (fp_line (start -1.48 -0.73) (end 1.48 -0.73) (layer F.CrtYd) (width 0.05))
    (fp_line (start 1.48 -0.73) (end 1.48 0.73) (layer F.CrtYd) (width 0.05))
    (fp_line (start 1.48 0.73) (end -1.48 0.73) (layer F.CrtYd) (width 0.05))
    (fp_text user %R (at 0 0 90) (layer F.Fab)
      (effects (font (size 0.4 0.4) (thickness 0.06)))
    )
    (pad 1 smd roundrect (at -0.825 0 90) (size 0.8 0.95) (layers F.Cu F.Paste F.Mask) (roundrect_rratio 0.25)
      (net 8 "Net-(Q1-Pad1)"))
    (pad 2 smd roundrect (at 0.825 0 90) (size 0.8 0.95) (layers F.Cu F.Paste F.Mask) (roundrect_rratio 0.25)
      (net 5 /EN_RELAY_UP))
    (model ${KISYS3DMOD}/Resistor_SMD.3dshapes/R_0603_1608Metric.wrl
      (at (xyz 0 0 0))
      (scale (xyz 1 1 1))
      (rotate (xyz 0 0 0))
    )
  )

  (module Resistor_SMD:R_0603_1608Metric (layer F.Cu) (tedit 5F68FEEE) (tstamp 619EEC6E)
    (at 172.466 116.586 90)
    (descr "Resistor SMD 0603 (1608 Metric), square (rectangular) end terminal, IPC_7351 nominal, (Body size source: IPC-SM-782 page 72, https://www.pcb-3d.com/wordpress/wp-content/uploads/ipc-sm-782a_amendment_1_and_2.pdf), generated with kicad-footprint-generator")
    (tags resistor)
    (path /61A26E09)
    (attr smd)
    (fp_text reference R2 (at 0 -1.43 90) (layer F.SilkS)
      (effects (font (size 1 1) (thickness 0.15)))
    )
    (fp_text value 1k (at 0 1.43 90) (layer F.Fab)
      (effects (font (size 1 1) (thickness 0.15)))
    )
    (fp_line (start 1.48 0.73) (end -1.48 0.73) (layer F.CrtYd) (width 0.05))
    (fp_line (start 1.48 -0.73) (end 1.48 0.73) (layer F.CrtYd) (width 0.05))
    (fp_line (start -1.48 -0.73) (end 1.48 -0.73) (layer F.CrtYd) (width 0.05))
    (fp_line (start -1.48 0.73) (end -1.48 -0.73) (layer F.CrtYd) (width 0.05))
    (fp_line (start -0.237258 0.5225) (end 0.237258 0.5225) (layer F.SilkS) (width 0.12))
    (fp_line (start -0.237258 -0.5225) (end 0.237258 -0.5225) (layer F.SilkS) (width 0.12))
    (fp_line (start 0.8 0.4125) (end -0.8 0.4125) (layer F.Fab) (width 0.1))
    (fp_line (start 0.8 -0.4125) (end 0.8 0.4125) (layer F.Fab) (width 0.1))
    (fp_line (start -0.8 -0.4125) (end 0.8 -0.4125) (layer F.Fab) (width 0.1))
    (fp_line (start -0.8 0.4125) (end -0.8 -0.4125) (layer F.Fab) (width 0.1))
    (fp_text user %R (at 0 0 90) (layer F.Fab)
      (effects (font (size 0.4 0.4) (thickness 0.06)))
    )
    (pad 2 smd roundrect (at 0.825 0 90) (size 0.8 0.95) (layers F.Cu F.Paste F.Mask) (roundrect_rratio 0.25)
      (net 7 "Net-(Q1-Pad3)"))
    (pad 1 smd roundrect (at -0.825 0 90) (size 0.8 0.95) (layers F.Cu F.Paste F.Mask) (roundrect_rratio 0.25)
      (net 9 "Net-(Q2-Pad1)"))
    (model ${KISYS3DMOD}/Resistor_SMD.3dshapes/R_0603_1608Metric.wrl
      (at (xyz 0 0 0))
      (scale (xyz 1 1 1))
      (rotate (xyz 0 0 0))
    )
  )

  (module Resistor_SMD:R_0603_1608Metric (layer F.Cu) (tedit 5F68FEEE) (tstamp 619EEC7F)
    (at 172.466 123.444 270)
    (descr "Resistor SMD 0603 (1608 Metric), square (rectangular) end terminal, IPC_7351 nominal, (Body size source: IPC-SM-782 page 72, https://www.pcb-3d.com/wordpress/wp-content/uploads/ipc-sm-782a_amendment_1_and_2.pdf), generated with kicad-footprint-generator")
    (tags resistor)
    (path /61A25D9F)
    (attr smd)
    (fp_text reference R3 (at 0 -1.43 90) (layer F.SilkS)
      (effects (font (size 1 1) (thickness 0.15)))
    )
    (fp_text value 100k (at 0 1.43 90) (layer F.Fab)
      (effects (font (size 1 1) (thickness 0.15)))
    )
    (fp_line (start -0.8 0.4125) (end -0.8 -0.4125) (layer F.Fab) (width 0.1))
    (fp_line (start -0.8 -0.4125) (end 0.8 -0.4125) (layer F.Fab) (width 0.1))
    (fp_line (start 0.8 -0.4125) (end 0.8 0.4125) (layer F.Fab) (width 0.1))
    (fp_line (start 0.8 0.4125) (end -0.8 0.4125) (layer F.Fab) (width 0.1))
    (fp_line (start -0.237258 -0.5225) (end 0.237258 -0.5225) (layer F.SilkS) (width 0.12))
    (fp_line (start -0.237258 0.5225) (end 0.237258 0.5225) (layer F.SilkS) (width 0.12))
    (fp_line (start -1.48 0.73) (end -1.48 -0.73) (layer F.CrtYd) (width 0.05))
    (fp_line (start -1.48 -0.73) (end 1.48 -0.73) (layer F.CrtYd) (width 0.05))
    (fp_line (start 1.48 -0.73) (end 1.48 0.73) (layer F.CrtYd) (width 0.05))
    (fp_line (start 1.48 0.73) (end -1.48 0.73) (layer F.CrtYd) (width 0.05))
    (fp_text user %R (at 0 0 90) (layer F.Fab)
      (effects (font (size 0.4 0.4) (thickness 0.06)))
    )
    (pad 1 smd roundrect (at -0.825 0 270) (size 0.8 0.95) (layers F.Cu F.Paste F.Mask) (roundrect_rratio 0.25)
      (net 4 +12V))
    (pad 2 smd roundrect (at 0.825 0 270) (size 0.8 0.95) (layers F.Cu F.Paste F.Mask) (roundrect_rratio 0.25)
      (net 9 "Net-(Q2-Pad1)"))
    (model ${KISYS3DMOD}/Resistor_SMD.3dshapes/R_0603_1608Metric.wrl
      (at (xyz 0 0 0))
      (scale (xyz 1 1 1))
      (rotate (xyz 0 0 0))
    )
  )

  (module Resistor_SMD:R_0603_1608Metric (layer F.Cu) (tedit 5F68FEEE) (tstamp 619F00B4)
    (at 164.846 109.665 90)
    (descr "Resistor SMD 0603 (1608 Metric), square (rectangular) end terminal, IPC_7351 nominal, (Body size source: IPC-SM-782 page 72, https://www.pcb-3d.com/wordpress/wp-content/uploads/ipc-sm-782a_amendment_1_and_2.pdf), generated with kicad-footprint-generator")
    (tags resistor)
    (path /61A893E0)
    (attr smd)
    (fp_text reference R4 (at 0 -1.43 90) (layer F.SilkS)
      (effects (font (size 1 1) (thickness 0.15)))
    )
    (fp_text value 10k (at 0 1.43 90) (layer F.Fab)
      (effects (font (size 1 1) (thickness 0.15)))
    )
    (fp_line (start 1.48 0.73) (end -1.48 0.73) (layer F.CrtYd) (width 0.05))
    (fp_line (start 1.48 -0.73) (end 1.48 0.73) (layer F.CrtYd) (width 0.05))
    (fp_line (start -1.48 -0.73) (end 1.48 -0.73) (layer F.CrtYd) (width 0.05))
    (fp_line (start -1.48 0.73) (end -1.48 -0.73) (layer F.CrtYd) (width 0.05))
    (fp_line (start -0.237258 0.5225) (end 0.237258 0.5225) (layer F.SilkS) (width 0.12))
    (fp_line (start -0.237258 -0.5225) (end 0.237258 -0.5225) (layer F.SilkS) (width 0.12))
    (fp_line (start 0.8 0.4125) (end -0.8 0.4125) (layer F.Fab) (width 0.1))
    (fp_line (start 0.8 -0.4125) (end 0.8 0.4125) (layer F.Fab) (width 0.1))
    (fp_line (start -0.8 -0.4125) (end 0.8 -0.4125) (layer F.Fab) (width 0.1))
    (fp_line (start -0.8 0.4125) (end -0.8 -0.4125) (layer F.Fab) (width 0.1))
    (fp_text user %R (at 0 0 90) (layer F.Fab)
      (effects (font (size 0.4 0.4) (thickness 0.06)))
    )
    (pad 2 smd roundrect (at 0.825 0 90) (size 0.8 0.95) (layers F.Cu F.Paste F.Mask) (roundrect_rratio 0.25)
      (net 6 /EN_RELAY_DN))
    (pad 1 smd roundrect (at -0.825 0 90) (size 0.8 0.95) (layers F.Cu F.Paste F.Mask) (roundrect_rratio 0.25)
      (net 11 "Net-(Q3-Pad1)"))
    (model ${KISYS3DMOD}/Resistor_SMD.3dshapes/R_0603_1608Metric.wrl
      (at (xyz 0 0 0))
      (scale (xyz 1 1 1))
      (rotate (xyz 0 0 0))
    )
  )

  (module Resistor_SMD:R_0603_1608Metric (layer F.Cu) (tedit 5F68FEEE) (tstamp 619EECA1)
    (at 163.83 116.586 90)
    (descr "Resistor SMD 0603 (1608 Metric), square (rectangular) end terminal, IPC_7351 nominal, (Body size source: IPC-SM-782 page 72, https://www.pcb-3d.com/wordpress/wp-content/uploads/ipc-sm-782a_amendment_1_and_2.pdf), generated with kicad-footprint-generator")
    (tags resistor)
    (path /61A893CD)
    (attr smd)
    (fp_text reference R5 (at 0 -1.43 90) (layer F.SilkS)
      (effects (font (size 1 1) (thickness 0.15)))
    )
    (fp_text value 1k (at 0 1.43 90) (layer F.Fab)
      (effects (font (size 1 1) (thickness 0.15)))
    )
    (fp_line (start -0.8 0.4125) (end -0.8 -0.4125) (layer F.Fab) (width 0.1))
    (fp_line (start -0.8 -0.4125) (end 0.8 -0.4125) (layer F.Fab) (width 0.1))
    (fp_line (start 0.8 -0.4125) (end 0.8 0.4125) (layer F.Fab) (width 0.1))
    (fp_line (start 0.8 0.4125) (end -0.8 0.4125) (layer F.Fab) (width 0.1))
    (fp_line (start -0.237258 -0.5225) (end 0.237258 -0.5225) (layer F.SilkS) (width 0.12))
    (fp_line (start -0.237258 0.5225) (end 0.237258 0.5225) (layer F.SilkS) (width 0.12))
    (fp_line (start -1.48 0.73) (end -1.48 -0.73) (layer F.CrtYd) (width 0.05))
    (fp_line (start -1.48 -0.73) (end 1.48 -0.73) (layer F.CrtYd) (width 0.05))
    (fp_line (start 1.48 -0.73) (end 1.48 0.73) (layer F.CrtYd) (width 0.05))
    (fp_line (start 1.48 0.73) (end -1.48 0.73) (layer F.CrtYd) (width 0.05))
    (fp_text user %R (at 0 0 90) (layer F.Fab)
      (effects (font (size 0.4 0.4) (thickness 0.06)))
    )
    (pad 1 smd roundrect (at -0.825 0 90) (size 0.8 0.95) (layers F.Cu F.Paste F.Mask) (roundrect_rratio 0.25)
      (net 12 "Net-(Q4-Pad1)"))
    (pad 2 smd roundrect (at 0.825 0 90) (size 0.8 0.95) (layers F.Cu F.Paste F.Mask) (roundrect_rratio 0.25)
      (net 10 "Net-(Q3-Pad3)"))
    (model ${KISYS3DMOD}/Resistor_SMD.3dshapes/R_0603_1608Metric.wrl
      (at (xyz 0 0 0))
      (scale (xyz 1 1 1))
      (rotate (xyz 0 0 0))
    )
  )

  (module Resistor_SMD:R_0603_1608Metric (layer F.Cu) (tedit 5F68FEEE) (tstamp 619EF91A)
    (at 163.83 123.444 270)
    (descr "Resistor SMD 0603 (1608 Metric), square (rectangular) end terminal, IPC_7351 nominal, (Body size source: IPC-SM-782 page 72, https://www.pcb-3d.com/wordpress/wp-content/uploads/ipc-sm-782a_amendment_1_and_2.pdf), generated with kicad-footprint-generator")
    (tags resistor)
    (path /61A893C7)
    (attr smd)
    (fp_text reference R6 (at 0 -1.43 90) (layer F.SilkS)
      (effects (font (size 1 1) (thickness 0.15)))
    )
    (fp_text value 100k (at 0 1.43 90) (layer F.Fab)
      (effects (font (size 1 1) (thickness 0.15)))
    )
    (fp_line (start 1.48 0.73) (end -1.48 0.73) (layer F.CrtYd) (width 0.05))
    (fp_line (start 1.48 -0.73) (end 1.48 0.73) (layer F.CrtYd) (width 0.05))
    (fp_line (start -1.48 -0.73) (end 1.48 -0.73) (layer F.CrtYd) (width 0.05))
    (fp_line (start -1.48 0.73) (end -1.48 -0.73) (layer F.CrtYd) (width 0.05))
    (fp_line (start -0.237258 0.5225) (end 0.237258 0.5225) (layer F.SilkS) (width 0.12))
    (fp_line (start -0.237258 -0.5225) (end 0.237258 -0.5225) (layer F.SilkS) (width 0.12))
    (fp_line (start 0.8 0.4125) (end -0.8 0.4125) (layer F.Fab) (width 0.1))
    (fp_line (start 0.8 -0.4125) (end 0.8 0.4125) (layer F.Fab) (width 0.1))
    (fp_line (start -0.8 -0.4125) (end 0.8 -0.4125) (layer F.Fab) (width 0.1))
    (fp_line (start -0.8 0.4125) (end -0.8 -0.4125) (layer F.Fab) (width 0.1))
    (fp_text user %R (at 0 0 90) (layer F.Fab)
      (effects (font (size 0.4 0.4) (thickness 0.06)))
    )
    (pad 2 smd roundrect (at 0.825 0 270) (size 0.8 0.95) (layers F.Cu F.Paste F.Mask) (roundrect_rratio 0.25)
      (net 12 "Net-(Q4-Pad1)"))
    (pad 1 smd roundrect (at -0.825 0 270) (size 0.8 0.95) (layers F.Cu F.Paste F.Mask) (roundrect_rratio 0.25)
      (net 4 +12V))
    (model ${KISYS3DMOD}/Resistor_SMD.3dshapes/R_0603_1608Metric.wrl
      (at (xyz 0 0 0))
      (scale (xyz 1 1 1))
      (rotate (xyz 0 0 0))
    )
  )

  (gr_text Relays (at 167.005 135.001) (layer F.SilkS) (tstamp 619F0A53)
    (effects (font (size 1.5 1.5) (thickness 0.3)))
  )
  (gr_text +12V- (at 179.07 135.128) (layer F.SilkS) (tstamp 619F0AAA)
    (effects (font (size 1.5 1.5) (thickness 0.3)))
  )
  (gr_line (start 154.94 103.124) (end 183.388 103.124) (layer Edge.Cuts) (width 0.05) (tstamp 619F033B))
  (gr_line (start 154.94 144.526) (end 154.94 103.124) (layer Edge.Cuts) (width 0.05))
  (gr_line (start 183.388 144.526) (end 154.94 144.526) (layer Edge.Cuts) (width 0.05))
  (gr_line (start 183.388 103.124) (end 183.388 144.526) (layer Edge.Cuts) (width 0.05))

  (segment (start 166.342 131.572) (end 167.132 131.572) (width 0.4) (layer F.Cu) (net 1))
  (via (at 167.132 131.572) (size 0.8) (drill 0.4) (layers F.Cu B.Cu) (net 1))
  (segment (start 167.132 131.572) (end 167.922 131.572) (width 0.4) (layer F.Cu) (net 1))
  (via (at 171.45 110.998) (size 0.8) (drill 0.4) (layers F.Cu B.Cu) (net 1))
  (segment (start 171.516 111.064) (end 171.45 110.998) (width 0.4) (layer F.Cu) (net 1))
  (segment (start 171.516 112.03) (end 171.516 111.064) (width 0.4) (layer F.Cu) (net 1))
  (via (at 162.814 110.998) (size 0.8) (drill 0.4) (layers F.Cu B.Cu) (net 1))
  (segment (start 162.88 111.064) (end 162.814 110.998) (width 0.4) (layer F.Cu) (net 1))
  (segment (start 162.88 112.03) (end 162.88 111.064) (width 0.4) (layer F.Cu) (net 1))
  (segment (start 170.632 139.446) (end 170.632 135.946) (width 0.8) (layer F.Cu) (net 2))
